#multi:
,mass A,,mass B,,mass C,,mass D,,
t,x,y,x,y,x,y,x,y,
1.146600E1,8.545988E-2,6.419290E-2,7.956412E-2,9.481219E-2,8.608617E-2,1.283446E-1,9.734743E-2,1.481839E-1
1.148266E1,8.503180E-2,6.425406E-2,7.933301E-2,9.446552E-2,8.617265E-2,1.282148E-1,9.767435E-2,1.479114E-1
1.149933E1,8.454257E-2,6.413175E-2,7.952560E-2,9.446552E-2,8.625914E-2,1.281716E-1,9.783781E-2,1.478569E-1
1.151599E1,8.490949E-2,6.339790E-2,7.952560E-2,9.446552E-2,8.630238E-2,1.281716E-1,9.805575E-2,1.476390E-1
1.153265E1,8.490949E-2,6.339790E-2,7.960264E-2,9.431145E-2,8.651860E-2,1.278689E-1,9.805575E-2,1.474755E-1
1.154931E1,8.490949E-2,6.339790E-2,7.964115E-2,9.419589E-2,8.660509E-2,1.277824E-1,9.811024E-2,1.472031E-1
1.156598E1,8.490949E-2,6.339790E-2,7.964115E-2,9.400330E-2,8.664833E-2,1.274797E-1,9.827369E-2,1.467672E-1
1.158264E1,8.497064E-2,6.321444E-2,7.987227E-2,9.357959E-2,8.651860E-2,1.272635E-1,9.838267E-2,1.464403E-1
1.159930E1,8.497064E-2,6.321444E-2,7.956412E-2,9.346404E-2,8.651860E-2,1.271337E-1,9.821921E-2,1.462768E-1
1.161596E1,8.472603E-2,6.309213E-2,7.929449E-2,9.338700E-2,8.617265E-2,1.269175E-1,9.794678E-2,1.461679E-1
1.163263E1,8.466487E-2,6.309213E-2,7.925597E-2,9.338700E-2,8.582671E-2,1.266581E-1,9.772883E-2,1.460044E-1
1.164929E1,8.460372E-2,6.290867E-2,7.925597E-2,9.334848E-2,8.586995E-2,1.265283E-1,9.767435E-2,1.457865E-1
1.166595E1,8.460372E-2,6.272521E-2,7.933301E-2,9.304033E-2,8.586995E-2,1.263554E-1,9.761986E-2,1.455140E-1
1.168262E1,8.490949E-2,6.241944E-2,7.952560E-2,9.257811E-2,8.591319E-2,1.260959E-1,9.775184E-2,1.454972E-1
1.169928E1,8.490949E-2,6.229713E-2,7.964115E-2,9.238552E-2,8.604292E-2,1.260094E-1,9.796588E-2,1.451914E-1
1.171594E1,8.497064E-2,6.229713E-2,7.964115E-2,9.250107E-2,8.630238E-2,1.258797E-1,9.811024E-2,1.448602E-1
1.173260E1,8.515411E-2,6.229713E-2,7.964115E-2,9.253959E-2,8.664833E-2,1.259229E-1,9.830223E-2,1.451609E-1
1.174927E1,8.521526E-2,6.241944E-2,7.987227E-2,9.261663E-2,8.703752E-2,1.260527E-1,9.885262E-2,1.450386E-1
1.176593E1,8.527642E-2,6.248059E-2,7.994930E-2,9.265515E-2,8.746995E-2,1.262256E-1,9.967820E-2,1.449163E-1
1.178259E1,8.533757E-2,6.266405E-2,8.006486E-2,9.280922E-2,8.846455E-2,1.261824E-1,1.015943E-1,1.441548E-1
1.179925E1,8.533757E-2,6.272521E-2,8.029597E-2,9.296330E-2,9.054023E-2,1.260094E-1,1.046177E-1,1.435283E-1
1.181592E1,8.576565E-2,6.290867E-2,8.125893E-2,9.319441E-2,9.222671E-2,1.257067E-1,1.074369E-1,1.424660E-1
1.183258E1,8.576565E-2,6.290867E-2,8.133597E-2,9.319441E-2,9.382672E-2,1.256202E-1,1.099701E-1,1.411313E-1
1.184924E1,8.576565E-2,6.290867E-2,8.168264E-2,9.319441E-2,9.529699E-2,1.253608E-1,1.125033E-1,1.396059E-1
1.186591E1,8.576565E-2,6.290867E-2,8.206782E-2,9.307885E-2,9.702672E-2,1.249283E-1,1.146960E-1,1.385845E-1
1.188257E1,8.570449E-2,6.254174E-2,8.218338E-2,9.307885E-2,9.888618E-2,1.241500E-1,1.175152E-1,1.362964E-1
1.189923E1,8.564334E-2,6.248059E-2,8.249153E-2,9.296330E-2,1.005294E-1,1.234581E-1,1.198032E-1,1.336815E-1
1.191589E1,8.558219E-2,6.235828E-2,8.226042E-2,9.296330E-2,1.022159E-1,1.225067E-1,1.219959E-1,1.310939E-1
1.193256E1,8.552103E-2,6.199136E-2,8.226042E-2,9.292478E-2,1.033402E-1,1.215554E-1,1.239843E-1,1.284109E-1
1.194922E1,8.552103E-2,6.193020E-2,8.233745E-2,9.292478E-2,1.050700E-1,1.205175E-1,1.257479E-1,1.249722E-1
1.196588E1,8.552103E-2,6.193020E-2,8.283819E-2,9.304033E-2,1.061813E-1,1.195030E-1,1.273271E-1,1.220448E-1
1.198254E1,8.601026E-2,6.193020E-2,8.291523E-2,9.334848E-2,1.075113E-1,1.185857E-1,1.284827E-1,1.196567E-1
1.199921E1,8.601026E-2,6.193020E-2,8.314634E-2,9.354107E-2,1.086272E-1,1.175462E-1,1.295997E-1,1.167678E-1
1.201587E1,8.619373E-2,6.199136E-2,8.341597E-2,9.369515E-2,1.097891E-1,1.163385E-1,1.303701E-1,1.139559E-1
1.203253E1,8.619373E-2,6.205251E-2,8.414783E-2,9.392626E-2,1.115565E-1,1.147662E-1,1.315642E-1,1.106048E-1
1.204920E1,8.656065E-2,6.235828E-2,8.538042E-2,9.423441E-2,1.132592E-1,1.132964E-1,1.326042E-1,1.066759E-1
1.206586E1,8.680527E-2,6.248059E-2,8.626635E-2,9.438848E-2,1.144211E-1,1.121193E-1,1.331820E-1,1.040566E-1
1.208252E1,8.735565E-2,6.272521E-2,8.692116E-2,9.461959E-2,1.153689E-1,1.109575E-1,1.337983E-1,1.018996E-1
1.209918E1,8.760027E-2,6.278636E-2,8.761450E-2,9.461959E-2,1.167906E-1,1.097957E-1,1.341834E-1,9.958849E-2
1.211585E1,8.772258E-2,6.284751E-2,8.823079E-2,9.488922E-2,1.177842E-1,1.088326E-1,1.346457E-1,9.781663E-2
1.213251E1,8.802835E-2,6.284751E-2,8.919376E-2,9.508182E-2,1.186403E-1,1.076555E-1,1.348768E-1,9.562108E-2
1.214917E1,8.833412E-2,6.278636E-2,8.969450E-2,9.515885E-2,1.195728E-1,1.066465E-1,1.350694E-1,9.400330E-2
1.216583E1,8.845643E-2,6.278636E-2,9.046487E-2,9.527441E-2,1.207194E-1,1.051331E-1,1.353775E-1,9.188478E-2
1.218250E1,8.882335E-2,6.284751E-2,9.162043E-2,9.531293E-2,1.214531E-1,1.037573E-1,1.355701E-1,8.976626E-2
1.219916E1,8.894566E-2,6.290867E-2,9.219820E-2,9.508182E-2,1.224162E-1,1.023967E-1,1.354545E-1,8.784033E-2
1.221582E1,8.937374E-2,6.296982E-2,9.285302E-2,9.492774E-2,1.231500E-1,1.010973E-1,1.358783E-1,8.583736E-2
1.223249E1,8.998528E-2,6.296982E-2,9.354635E-2,9.492774E-2,1.239602E-1,9.972145E-2,1.359938E-1,8.433514E-2
1.224915E1,9.022989E-2,6.303098E-2,9.439376E-2,9.481219E-2,1.247246E-1,9.825389E-2,1.361094E-1,8.237069E-2
1.226581E1,9.022989E-2,6.303098E-2,9.512562E-2,9.473515E-2,1.249845E-1,9.693920E-2,1.360708E-1,8.048328E-2
1.228247E1,9.022989E-2,6.303098E-2,9.647377E-2,9.434996E-2,1.257488E-1,9.484487E-2,1.359553E-1,7.805661E-2
1.229914E1,9.071913E-2,6.278636E-2,9.809154E-2,9.373367E-2,1.267883E-1,9.282697E-2,1.358397E-1,7.516772E-2
1.231580E1,9.078028E-2,6.272521E-2,9.974784E-2,9.346404E-2,1.275680E-1,9.088551E-2,1.364175E-1,7.304920E-2
1.233246E1,9.120836E-2,6.254174E-2,1.006723E-1,9.334848E-2,1.281642E-1,8.938737E-2,1.364560E-1,7.116179E-2
1.234912E1,9.157528E-2,6.241944E-2,1.010960E-1,9.319441E-2,1.287716E-1,8.836033E-2,1.359168E-1,7.016031E-2
1.236579E1,9.188105E-2,6.223597E-2,1.011730E-1,9.319441E-2,1.288101E-1,8.757070E-2,1.354545E-1,6.888920E-2
1.238245E1,9.181990E-2,6.174674E-2,1.017123E-1,9.319441E-2,1.286368E-1,8.643440E-2,1.354545E-1,6.761808E-2
1.239911E1,9.169759E-2,6.174674E-2,1.025212E-1,9.242404E-2,1.290219E-1,8.470106E-2,1.349153E-1,6.638549E-2
1.241578E1,9.169759E-2,6.168559E-2,1.029449E-1,9.180774E-2,1.290412E-1,8.341069E-2,1.347227E-1,6.480623E-2
1.243244E1,9.175875E-2,6.144097E-2,1.035227E-1,9.111440E-2,1.290672E-1,8.257938E-2,1.345301E-1,6.322697E-2
1.244910E1,9.175875E-2,6.144097E-2,1.037153E-1,9.099885E-2,1.290061E-1,8.128511E-2,1.338663E-1,6.196229E-2
1.246576E1,9.157528E-2,6.113520E-2,1.043316E-1,9.096033E-2,1.289755E-1,8.004180E-2,1.333312E-1,6.060174E-2
1.248243E1,9.175875E-2,6.113520E-2,1.047938E-1,9.057514E-2,1.290367E-1,7.885963E-2,1.327656E-1,5.898131E-2
1.249909E1,9.200336E-2,6.119635E-2,1.053716E-1,9.045959E-2,1.291692E-1,7.776919E-2,1.323528E-1,5.775834E-2
1.251575E1,9.243144E-2,6.119635E-2,1.059108E-1,9.015144E-2,1.291182E-1,7.666855E-2,1.318178E-1,5.667295E-2
1.253241E1,9.273721E-2,6.125751E-2,1.067582E-1,8.995885E-2,1.289959E-1,7.584307E-2,1.311910E-1,5.514424E-2
1.254908E1,9.292067E-2,6.131866E-2,1.069508E-1,8.968922E-2,1.290571E-1,7.476281E-2,1.309311E-1,5.434931E-2
1.256574E1,9.347106E-2,6.137982E-2,1.076056E-1,8.934255E-2,1.292201E-1,7.410039E-2,1.308853E-1,5.395185E-2
1.258240E1,9.359337E-2,6.131866E-2,1.076056E-1,8.934255E-2,1.290774E-1,7.399848E-2,1.305795E-1,5.361553E-2
1.259907E1,9.359337E-2,6.131866E-2,1.076441E-1,8.934255E-2,1.291488E-1,7.351950E-2,1.302738E-1,5.344737E-2
1.261573E1,9.310413E-2,6.119635E-2,1.076441E-1,8.934255E-2,1.290265E-1,7.336663E-2,1.297540E-1,5.311106E-2
1.263239E1,9.310413E-2,6.119635E-2,1.081449E-1,8.934255E-2,1.288736E-1,7.302014E-2,1.291884E-1,5.253015E-2
1.264905E1,9.316529E-2,6.119635E-2,1.081449E-1,8.934255E-2,1.288838E-1,7.278574E-2,1.287451E-1,5.251486E-2
1.266572E1,9.316529E-2,6.119635E-2,1.081449E-1,8.934255E-2,1.288430E-1,7.234752E-2,1.288368E-1,5.234670E-2
1.268238E1,9.322644E-2,6.119635E-2,1.078753E-1,8.938107E-2,1.286800E-1,7.256154E-2,1.288368E-1,5.234670E-2
1.269904E1,9.322644E-2,6.119635E-2,1.076056E-1,8.961218E-2,1.284864E-1,7.300995E-2,1.286686E-1,5.233142E-2
1.271570E1,9.322644E-2,6.119635E-2,1.074516E-1,8.968922E-2,1.283029E-1,7.308128E-2,1.284546E-1,5.223969E-2
1.273237E1,9.310413E-2,6.125751E-2,1.074130E-1,8.972774E-2,1.284048E-1,7.282651E-2,1.284241E-1,5.193395E-2
1.274903E1,9.304298E-2,6.125751E-2,1.076056E-1,8.953514E-2,1.280787E-1,7.347874E-2,1.281947E-1,5.176579E-2
1.276569E1,9.304298E-2,6.131866E-2,1.079330E-1,8.926551E-2,1.285373E-1,7.234752E-2,1.280724E-1,5.175051E-2
1.278236E1,9.316529E-2,6.131866E-2,1.079330E-1,8.918848E-2,1.285169E-1,7.248001E-2,1.281336E-1,5.171993E-2
1.279902E1,9.328760E-2,6.131866E-2,1.079330E-1,8.918848E-2,1.283782E-1,7.275499E-2,1.282100E-1,5.176579E-2
1.281568E1,9.328760E-2,6.131866E-2,1.079330E-1,8.911144E-2,1.284393E-1,7.261741E-2,1.282100E-1,5.176579E-2
1.283234E1,9.328760E-2,6.125751E-2,1.077597E-1,8.903440E-2,1.284852E-1,7.266327E-2,1.284852E-1,5.199510E-2
1.284901E1,9.328760E-2,6.119635E-2,1.077790E-1,8.903440E-2,1.288674E-1,7.272442E-2,1.287604E-1,5.211740E-2
1.286567E1,9.328760E-2,6.101289E-2,1.082027E-1,8.884181E-2,1.291578E-1,7.273971E-2,1.288827E-1,5.213268E-2
1.288233E1,9.343186E-2,6.078519E-2,1.082412E-1,8.882255E-2,1.292037E-1,7.335119E-2,1.294177E-1,5.240785E-2
1.289899E1,9.338600E-2,6.078519E-2,1.074708E-1,8.913070E-2,1.293719E-1,7.443658E-2,1.297540E-1,5.350852E-2
1.291566E1,9.324842E-2,6.081576E-2,1.067967E-1,8.966996E-2,1.293413E-1,7.547610E-2,1.299833E-1,5.444104E-2
1.293232E1,9.311083E-2,6.090748E-2,1.065656E-1,8.986255E-2,1.292954E-1,7.604172E-2,1.299069E-1,5.477735E-2
1.294898E1,9.304968E-2,6.101449E-2,1.065271E-1,8.986255E-2,1.292648E-1,7.610287E-2,1.298763E-1,5.471621E-2
1.296565E1,9.304968E-2,6.116737E-2,1.065656E-1,8.986255E-2,1.292954E-1,7.625574E-2,1.298610E-1,5.489965E-2
1.298231E1,9.320255E-2,6.138138E-2,1.066812E-1,8.992033E-2,1.294024E-1,7.645447E-2,1.298916E-1,5.508310E-2
1.299897E1,9.324842E-2,6.145782E-2,1.066812E-1,8.992033E-2,1.294330E-1,7.682136E-2,1.300751E-1,5.551113E-2
1.301563E1,9.330956E-2,6.171770E-2,1.065849E-1,9.011292E-2,1.296317E-1,7.706596E-2,1.304878E-1,5.615319E-2
1.303230E1,9.317198E-2,6.190115E-2,1.063730E-1,9.024774E-2,1.298152E-1,7.789146E-2,1.312675E-1,5.752903E-2
1.304896E1,9.298853E-2,6.203873E-2,1.057760E-1,9.059440E-2,1.300751E-1,7.948132E-2,1.320165E-1,5.892016E-2
1.306562E1,9.274394E-2,6.209988E-2,1.051597E-1,9.074848E-2,1.305490E-1,8.062785E-2,1.330866E-1,6.063232E-2
1.308228E1,9.256050E-2,6.205402E-2,1.040812E-1,9.096033E-2,1.303197E-1,8.270690E-2,1.341109E-1,6.257378E-2
1.309895E1,9.199487E-2,6.187057E-2,1.032530E-1,9.121070E-2,1.307171E-1,8.440377E-2,1.350739E-1,6.471397E-2
1.311561E1,9.164327E-2,6.184000E-2,1.023864E-1,9.130700E-2,1.303349E-1,8.669684E-2,1.360217E-1,6.705290E-2
1.313227E1,9.139867E-2,6.184000E-2,1.017123E-1,9.080626E-2,1.303808E-1,8.842428E-2,1.377339E-1,6.997274E-2
1.314894E1,9.129167E-2,6.184000E-2,1.012115E-1,9.094107E-2,1.302738E-1,9.025873E-2,1.388779E-1,7.278505E-2
1.316560E1,9.106236E-2,6.173299E-2,1.008841E-1,9.099885E-2,1.305337E-1,9.244479E-2,1.405291E-1,7.807487E-2
1.318226E1,9.112351E-2,6.159540E-2,1.007301E-1,9.097959E-2,1.304114E-1,9.463085E-2,1.426083E-1,8.241681E-2
1.319892E1,9.123052E-2,6.148839E-2,1.006145E-1,9.074848E-2,1.311405E-1,9.766256E-2,1.449322E-1,8.810414E-2
1.321559E1,9.139867E-2,6.139667E-2,1.004990E-1,9.047885E-2,1.305627E-1,1.020537E-1,1.461553E-1,9.440301E-2
1.323225E1,9.155155E-2,6.136610E-2,1.003641E-1,9.036329E-2,1.295612E-1,1.040952E-1,1.474701E-1,1.013440E-1
1.324891E1,9.171970E-2,6.130495E-2,1.003641E-1,9.034403E-2,1.284442E-1,1.063678E-1,1.484791E-1,1.054107E-1
1.326557E1,9.187258E-2,6.130495E-2,1.000367E-1,9.030552E-2,1.275197E-1,1.082166E-1,1.475924E-1,1.087742E-1
1.328224E1,9.185729E-2,6.142725E-2,9.997895E-2,9.032477E-2,1.263642E-1,1.092952E-1,1.467362E-1,1.111286E-1
1.329890E1,9.173499E-2,6.151897E-2,9.951673E-2,9.044033E-2,1.254397E-1,1.109129E-1,1.456660E-1,1.131467E-1
1.331556E1,9.161269E-2,6.159540E-2,9.918932E-2,9.051737E-2,1.247464E-1,1.115292E-1,1.447487E-1,1.153177E-1
1.333223E1,9.161269E-2,6.161069E-2,9.891969E-2,9.059440E-2,1.237834E-1,1.123381E-1,1.438314E-1,1.176110E-1
1.334889E1,9.176557E-2,6.173299E-2,9.865006E-2,9.065218E-2,1.228975E-1,1.133396E-1,1.426389E-1,1.202100E-1
1.336555E1,9.188786E-2,6.187057E-2,9.863080E-2,9.065218E-2,1.215493E-1,1.146107E-1,1.411101E-1,1.230843E-1
1.338221E1,9.208659E-2,6.196229E-2,9.863080E-2,9.065218E-2,1.199316E-1,1.156122E-1,1.392754E-1,1.259585E-1
1.339888E1,9.217832E-2,6.199287E-2,9.828414E-2,9.053663E-2,1.185834E-1,1.162285E-1,1.375326E-1,1.282518E-1
1.341554E1,9.228533E-2,6.203873E-2,9.811080E-2,9.053663E-2,1.167730E-1,1.171530E-1,1.355450E-1,1.300558E-1
1.343220E1,9.223947E-2,6.214574E-2,9.747525E-2,9.055589E-2,1.150012E-1,1.180774E-1,1.329460E-1,1.323797E-1
1.344886E1,9.194901E-2,6.220689E-2,9.533747E-2,9.103737E-2,1.124204E-1,1.190018E-1,1.298577E-1,1.347035E-1
1.346553E1,9.161269E-2,6.219160E-2,9.379673E-2,9.130700E-2,1.091849E-1,1.201189E-1,1.264331E-1,1.369662E-1
1.348219E1,9.121523E-2,6.223746E-2,9.177450E-2,9.148033E-2,1.069123E-1,1.211974E-1,1.224275E-1,1.389232E-1
1.349885E1,9.069547E-2,6.223746E-2,9.034931E-2,9.173070E-2,1.041004E-1,1.223530E-1,1.194004E-1,1.402074E-1
1.351552E1,9.020628E-2,6.223746E-2,8.912956E-2,9.175638E-2,1.016738E-1,1.231233E-1,1.168319E-1,1.413387E-1
1.353218E1,8.988525E-2,6.245148E-2,8.821795E-2,9.183342E-2,1.004027E-1,1.236241E-1,1.148138E-1,1.420726E-1
1.354884E1,8.996169E-2,6.258907E-2,8.770437E-2,9.205169E-2,9.859229E-2,1.239322E-1,1.127040E-1,1.425924E-1
1.356550E1,8.993111E-2,6.258907E-2,8.660017E-2,9.210305E-2,9.628117E-2,1.245100E-1,1.101050E-1,1.436014E-1
1.358217E1,8.982410E-2,6.258907E-2,8.543178E-2,9.228280E-2,9.439376E-2,1.253574E-1,1.078117E-1,1.444882E-1
1.359883E1,8.950307E-2,6.284895E-2,8.518783E-2,9.241120E-2,9.362339E-2,1.253959E-1,1.062828E-1,1.450997E-1
1.361549E1,8.950307E-2,6.286423E-2,8.476412E-2,9.278354E-2,9.289154E-2,1.256270E-1,1.056713E-1,1.453138E-1
1.363215E1,8.948779E-2,6.304768E-2,8.472560E-2,9.292478E-2,9.208265E-2,1.264359E-1,1.049680E-1,1.457724E-1
1.364882E1,8.948779E-2,6.323112E-2,8.464857E-2,9.304033E-2,9.215969E-2,1.260507E-1,1.042036E-1,1.459559E-1
1.366548E1,8.922791E-2,6.323112E-2,8.430190E-2,9.314305E-2,9.173598E-2,1.262048E-1,1.035003E-1,1.462616E-1
1.368214E1,8.916676E-2,6.321584E-2,8.394239E-2,9.322009E-2,9.046487E-2,1.267056E-1,1.026136E-1,1.464451E-1
1.369881E1,8.889159E-2,6.320055E-2,8.294091E-2,9.342552E-2,8.992561E-2,1.267056E-1,1.020938E-1,1.466897E-1
1.371547E1,8.864700E-2,6.324641E-2,8.285103E-2,9.354107E-2,8.965598E-2,1.270137E-1,1.012988E-1,1.470261E-1
1.373213E1,8.840240E-2,6.332285E-2,8.271494E-2,9.369515E-2,8.915524E-2,1.268596E-1,1.007178E-1,1.472707E-1
1.374879E1,8.832597E-2,6.333813E-2,8.253775E-2,9.371826E-2,8.857746E-2,1.270522E-1,9.995339E-2,1.476070E-1
1.376546E1,8.811195E-2,6.333813E-2,8.228353E-2,9.371826E-2,8.834635E-2,1.269752E-1,9.983108E-2,1.473318E-1
1.378212E1,8.797436E-2,6.333813E-2,8.199079E-2,9.374907E-2,8.811524E-2,1.271678E-1,9.958646E-2,1.474236E-1
1.379878E1,8.771448E-2,6.338400E-2,8.185212E-2,9.375678E-2,8.780709E-2,1.273604E-1,9.934185E-2,1.474847E-1
1.381544E1,8.763805E-2,6.349101E-2,8.163642E-2,9.377219E-2,8.734487E-2,1.275915E-1,9.863858E-2,1.477599E-1
1.383211E1,8.763805E-2,6.362859E-2,8.148234E-2,9.378759E-2,8.688264E-2,1.275144E-1,9.839396E-2,1.476376E-1
1.384877E1,8.763805E-2,6.362859E-2,8.138219E-2,9.381070E-2,8.676709E-2,1.274374E-1,9.811877E-2,1.478211E-1
1.386543E1,8.765333E-2,6.362859E-2,8.135908E-2,9.381070E-2,8.657449E-2,1.273989E-1,9.784357E-2,1.480351E-1
1.388210E1,8.769919E-2,6.359802E-2,8.135908E-2,9.381070E-2,8.653598E-2,1.273219E-1,9.747665E-2,1.480963E-1
1.389876E1,8.769919E-2,6.358273E-2,8.135908E-2,9.381070E-2,8.645894E-2,1.272833E-1,9.744607E-2,1.481574E-1
1.391542E1,8.756161E-2,6.356744E-2,8.122042E-2,9.382611E-2,8.665153E-2,1.273219E-1,9.735434E-2,1.481880E-1
1.393208E1,8.745460E-2,6.359802E-2,8.111243E-2,9.417607E-2,8.622783E-2,1.274374E-1,9.717088E-2,1.482492E-1
1.394875E1,8.730173E-2,6.361330E-2,8.111243E-2,9.417607E-2,8.622783E-2,1.274374E-1,9.710972E-2,1.483103E-1
1.396541E1,8.713357E-2,6.375089E-2,8.111243E-2,9.417607E-2,8.615079E-2,1.277456E-1,9.704857E-2,1.484326E-1
1.398207E1,8.707242E-2,6.388847E-2,8.107811E-2,9.435909E-2,8.653598E-2,1.278611E-1,9.726261E-2,1.485855E-1
1.399873E1,8.707242E-2,6.401077E-2,8.116963E-2,9.446204E-2,8.707524E-2,1.278611E-1,9.799646E-2,1.484938E-1
1.401540E1,8.695013E-2,6.401077E-2,8.132977E-2,9.450780E-2,8.819227E-2,1.277070E-1,9.928069E-2,1.483103E-1
1.403206E1,8.696541E-2,6.401077E-2,8.199323E-2,9.451924E-2,8.988709E-2,1.273989E-1,1.023690E-1,1.475459E-1
1.404872E1,8.722529E-2,6.405663E-2,8.261093E-2,9.443916E-2,9.158191E-2,1.272448E-1,1.043259E-1,1.471790E-1
1.406539E1,8.722529E-2,6.405663E-2,8.304561E-2,9.437053E-2,9.235228E-2,1.273604E-1,1.061911E-1,1.466286E-1
1.408205E1,8.722529E-2,6.405663E-2,8.358324E-2,9.435909E-2,9.362339E-2,1.271293E-1,1.080257E-1,1.464145E-1
1.409871E1,8.748517E-2,6.376617E-2,8.452124E-2,9.407312E-2,9.512562E-2,1.265515E-1,1.096769E-1,1.455278E-1
1.411537E1,8.759218E-2,6.370503E-2,8.520757E-2,9.361556E-2,9.574191E-2,1.264359E-1,1.112975E-1,1.447328E-1
1.413204E1,8.766862E-2,6.362859E-2,8.573377E-2,9.345541E-2,9.639673E-2,1.263589E-1,1.123371E-1,1.444270E-1
1.414870E1,8.785207E-2,6.349101E-2,8.604262E-2,9.346685E-2,9.786043E-2,1.262433E-1,1.140800E-1,1.434486E-1
1.416536E1,8.808137E-2,6.338400E-2,8.676327E-2,9.348973E-2,9.959377E-2,1.259352E-1,1.163427E-1,1.428064E-1
1.418202E1,8.841769E-2,6.327699E-2,8.767839E-2,9.336390E-2,1.009034E-1,1.255885E-1,1.181161E-1,1.420726E-1
1.419869E1,8.876929E-2,6.316998E-2,8.895955E-2,9.322663E-2,1.025212E-1,1.253189E-1,1.200731E-1,1.411553E-1
1.421535E1,8.945721E-2,6.297124E-2,8.988610E-2,9.304361E-2,1.042160E-1,1.248181E-1,1.222746E-1,1.404520E-1
1.423201E1,8.974767E-2,6.287952E-2,9.097280E-2,9.265469E-2,1.065656E-1,1.242789E-1,1.248737E-1,1.391066E-1
1.424868E1,9.016042E-2,6.271136E-2,9.218533E-2,9.224289E-2,1.084916E-1,1.237011E-1,1.271669E-1,1.379753E-1
1.426534E1,9.040501E-2,6.261964E-2,9.288311E-2,9.242591E-2,1.100708E-1,1.232774E-1,1.296437E-1,1.362935E-1
1.428200E1,9.063432E-2,6.258907E-2,9.358088E-2,9.254030E-2,1.120738E-1,1.230463E-1,1.313254E-1,1.348870E-1
1.429866E1,9.071075E-2,6.260435E-2,9.395837E-2,9.272332E-2,1.135760E-1,1.225456E-1,1.334964E-1,1.337556E-1
1.431533E1,9.072604E-2,6.261964E-2,9.410693E-2,9.239999E-2,1.145005E-1,1.223144E-1,1.346277E-1,1.325937E-1
1.433199E1,9.084834E-2,6.265021E-2,9.472462E-2,9.236567E-2,1.158486E-1,1.216981E-1,1.359425E-1,1.318904E-1
1.434865E1,9.087891E-2,6.266550E-2,9.559969E-2,9.227988E-2,1.173508E-1,1.208893E-1,1.381441E-1,1.296583E-1
1.436531E1,9.118466E-2,6.268079E-2,9.659487E-2,9.193672E-2,1.193339E-1,1.199751E-1,1.405291E-1,1.271204E-1
1.438198E1,9.141396E-2,6.268079E-2,9.747141E-2,9.186517E-2,1.207900E-1,1.190287E-1,1.420885E-1,1.256833E-1
1.439864E1,9.225475E-2,6.251263E-2,9.824313E-2,9.184701E-2,1.228770E-1,1.180580E-1,1.439843E-1,1.240627E-1
1.441530E1,9.257578E-2,6.246677E-2,9.925999E-2,9.153832E-2,1.247213E-1,1.170388E-1,1.462164E-1,1.219223E-1
1.443197E1,9.285095E-2,6.242091E-2,9.992276E-2,9.135674E-2,1.260802E-1,1.160681E-1,1.472560E-1,1.199654E-1
1.444863E1,9.314141E-2,6.232919E-2,1.003313E-1,9.124779E-2,1.275997E-1,1.147229E-1,1.486932E-1,1.179779E-1
1.446529E1,9.337071E-2,6.217631E-2,1.008397E-1,9.096634E-2,1.286040E-1,1.136656E-1,1.497022E-1,1.159904E-1
1.448195E1,9.352358E-2,6.187057E-2,1.009759E-1,9.109345E-2,1.292835E-1,1.129376E-1,1.505584E-1,1.135442E-1
1.449862E1,9.334014E-2,6.190115E-2,1.009396E-1,9.132042E-2,1.300600E-1,1.118213E-1,1.510170E-1,1.107006E-1
1.451528E1,9.324842E-2,6.196229E-2,1.006218E-1,9.137490E-2,1.302542E-1,1.108992E-1,1.509559E-1,1.086213E-1
1.453194E1,9.300382E-2,6.194701E-2,1.001043E-1,9.124779E-2,1.305697E-1,1.099285E-1,1.507113E-1,1.066032E-1
1.454860E1,9.274394E-2,6.174828E-2,1.000771E-1,9.123871E-2,1.306425E-1,1.089821E-1,1.505278E-1,1.042488E-1
1.456527E1,9.256050E-2,6.168713E-2,1.000953E-1,9.125687E-2,1.308851E-1,1.083026E-1,1.505889E-1,1.031786E-1
1.458193E1,9.242291E-2,6.165655E-2,1.001679E-1,9.137490E-2,1.309579E-1,1.077930E-1,1.504361E-1,1.017415E-1
1.459859E1,9.231590E-2,6.165655E-2,9.986828E-2,9.173806E-2,1.308366E-1,1.073804E-1,1.496105E-1,1.001209E-1
1.461526E1,9.196430E-2,6.176356E-2,9.943249E-2,9.191964E-2,1.306910E-1,1.068466E-1,1.489072E-1,9.911187E-2
1.463192E1,9.187258E-2,6.187057E-2,9.904209E-2,9.243715E-2,1.304969E-1,1.063612E-1,1.481428E-1,9.736898E-2
1.464858E1,9.170442E-2,6.216103E-2,9.904209E-2,9.271860E-2,1.304726E-1,1.059487E-1,1.475312E-1,9.632936E-2
1.466524E1,9.170442E-2,6.223746E-2,9.911472E-2,9.298189E-2,1.306425E-1,1.053905E-1,1.469503E-1,9.480051E-2
1.468191E1,9.178085E-2,6.231390E-2,9.900577E-2,9.321795E-2,1.305697E-1,1.050750E-1,1.463387E-1,9.373031E-2
1.469857E1,9.179614E-2,6.232919E-2,9.891498E-2,9.349032E-2,1.304969E-1,1.047110E-1,1.457578E-1,9.232377E-2
1.471523E1,9.184200E-2,6.248206E-2,9.866985E-2,9.384440E-2,1.301328E-1,1.042257E-1,1.447793E-1,9.097838E-2
1.473189E1,9.136810E-2,6.281837E-2,9.819774E-2,9.409861E-2,1.298174E-1,1.037161E-1,1.432810E-1,8.935780E-2
1.474856E1,9.119994E-2,6.286423E-2,9.767115E-2,9.446177E-2,1.297203E-1,1.031337E-1,1.423943E-1,8.834876E-2
1.476522E1,9.104707E-2,6.291010E-2,9.736291E-2,9.470287E-2,1.294534E-1,1.025270E-1,1.415993E-1,8.694221E-2
1.478188E1,9.095535E-2,6.294067E-2,9.712685E-2,9.464839E-2,1.290408E-1,1.022843E-1,1.400093E-1,8.584144E-2
1.479855E1,9.063432E-2,6.304768E-2,9.636419E-2,9.482998E-2,1.284584E-1,1.020416E-1,1.390003E-1,8.547451E-2
1.481521E1,9.009927E-2,6.323112E-2,9.547441E-2,9.508420E-2,1.275605E-1,1.019688E-1,1.381135E-1,8.516874E-2
1.483187E1,8.971709E-2,6.332285E-2,9.503861E-2,9.532026E-2,1.271965E-1,1.016291E-1,1.369210E-1,8.434316E-2
1.484853E1,8.965594E-2,6.352158E-2,9.529283E-2,9.550185E-2,1.271480E-1,1.010952E-1,1.361872E-1,8.357874E-2
1.486520E1,8.964066E-2,6.362859E-2,9.502045E-2,9.559264E-2,1.267081E-1,1.010509E-1,1.353616E-1,8.284489E-2
1.488186E1,8.964066E-2,6.368974E-2,9.487518E-2,9.582870E-2,1.265022E-1,1.006619E-1,1.344749E-1,8.189700E-2
1.489852E1,8.974767E-2,6.378146E-2,9.514756E-2,9.593766E-2,1.267424E-1,1.003989E-1,1.342608E-1,8.122431E-2
1.491518E1,9.000755E-2,6.384261E-2,9.531099E-2,9.602845E-2,1.268453E-1,1.003188E-1,1.343831E-1,8.101027E-2
1.493185E1,9.020628E-2,6.384261E-2,9.543810E-2,9.606477E-2,1.268911E-1,1.001472E-1,1.344137E-1,8.097969E-2
1.494851E1,9.051202E-2,6.384261E-2,9.594654E-2,9.619188E-2,1.270512E-1,9.973539E-2,1.340162E-1,8.021527E-2
1.496517E1,9.064961E-2,6.385790E-2,9.601917E-2,9.631899E-2,1.270169E-1,9.947230E-2,1.333435E-1,7.969546E-2
1.498184E1,9.055788E-2,6.408720E-2,9.580354E-2,9.639915E-2,1.268796E-1,9.895755E-2,1.326708E-1,7.908392E-2
1.499850E1,9.055788E-2,6.416364E-2,9.566488E-2,9.661486E-2,1.266623E-1,9.846567E-2,1.318758E-1,7.816661E-2
1.501516E1,9.037444E-2,6.436237E-2,9.544147E-2,9.667649E-2,1.265022E-1,9.848855E-2,1.315700E-1,7.810545E-2
1.503182E1,9.028272E-2,6.442352E-2,9.511791E-2,9.673041E-2,1.262391E-1,9.830553E-2,1.306221E-1,7.773853E-2
1.504849E1,9.008398E-2,6.449995E-2,9.496384E-2,9.686908E-2,1.262048E-1,9.761919E-2,1.299189E-1,7.715756E-2
1.506515E1,9.016042E-2,6.466811E-2,9.523347E-2,9.706937E-2,1.262505E-1,9.729890E-2,1.297660E-1,7.633198E-2
1.508181E1,9.040501E-2,6.479041E-2,9.574962E-2,9.706167E-2,1.265022E-1,9.681846E-2,1.295520E-1,7.572044E-2
1.509847E1,9.049674E-2,6.480570E-2,9.620414E-2,9.704626E-2,1.267424E-1,9.585759E-2,1.291850E-1,7.513948E-2
1.511514E1,9.094006E-2,6.483627E-2,9.651999E-2,9.703856E-2,1.268453E-1,9.576608E-2,1.290627E-1,7.465025E-2
1.513180E1,9.095535E-2,6.483627E-2,9.661243E-2,9.704626E-2,1.268453E-1,9.540003E-2,1.286652E-1,7.419159E-2
1.514846E1,9.130695E-2,6.501972E-2,9.693599E-2,9.715412E-2,1.267767E-1,9.517125E-2,1.282371E-1,7.370236E-2
1.516513E1,9.139867E-2,6.509615E-2,9.700532E-2,9.719263E-2,1.267424E-1,9.504543E-2,1.278396E-1,7.330486E-2
1.518179E1,9.149040E-2,6.515730E-2,9.713628E-2,9.726967E-2,1.267996E-1,9.470226E-2,1.275644E-1,7.293793E-2
1.519845E1,9.155155E-2,6.529488E-2,9.728265E-2,9.743915E-2,1.265822E-1,9.433621E-2,1.272281E-1,7.281563E-2
1.521511E1,9.145982E-2,6.541718E-2,9.716710E-2,9.753160E-2,1.265594E-1,9.398160E-2,1.265860E-1,7.220408E-2
1.523178E1,9.124580E-2,6.543247E-2,9.716710E-2,9.753160E-2,1.263992E-1,9.369563E-2,1.261579E-1,7.174543E-2
1.524844E1,9.115408E-2,6.541718E-2,9.745214E-2,9.712330E-2,1.262162E-1,9.346685E-2,1.260356E-1,7.143966E-2
1.526510E1,9.104707E-2,6.534075E-2,9.728265E-2,9.698463E-2,1.262505E-1,9.320376E-2,1.259439E-1,7.122562E-2
1.528176E1,9.106236E-2,6.529488E-2,9.723643E-2,9.678434E-2,1.261476E-1,9.291778E-2,1.257604E-1,7.088927E-2
1.529843E1,9.127638E-2,6.495857E-2,9.761391E-2,9.669189E-2,1.261018E-1,9.267756E-2,1.257604E-1,7.085870E-2
1.531509E1,9.142925E-2,6.479041E-2,9.764473E-2,9.669189E-2,1.261819E-1,9.240303E-2,1.259133E-1,7.049177E-2
1.533175E1,9.142925E-2,6.472926E-2,9.778340E-2,9.655323E-2,1.262848E-1,9.183108E-2,1.259744E-1,7.018600E-2
1.534842E1,9.145982E-2,6.460696E-2,9.781421E-2,9.642997E-2,1.262963E-1,9.147648E-2,1.258216E-1,6.991081E-2
1.536508E1,9.147511E-2,6.456110E-2,9.789125E-2,9.624508E-2,1.261933E-1,9.120194E-2,1.255158E-1,6.954388E-2
1.538174E1,9.149040E-2,6.456110E-2,9.793747E-2,9.617574E-2,1.262505E-1,9.100748E-2,1.253629E-1,6.926869E-2
1.539840E1,9.165856E-2,6.460696E-2,9.802991E-2,9.613723E-2,1.263649E-1,9.090453E-2,1.253323E-1,6.893234E-2
1.541507E1,9.175028E-2,6.466811E-2,9.826873E-2,9.609100E-2,1.263077E-1,9.099604E-2,1.258521E-1,6.945215E-2
1.543173E1,9.178085E-2,6.468340E-2,9.780651E-2,9.615263E-2,1.263420E-1,9.139640E-2,1.258521E-1,7.024716E-2
1.544839E1,9.176557E-2,6.469869E-2,9.762162E-2,9.621426E-2,1.263763E-1,9.191116E-2,1.263414E-1,7.055293E-2
1.546505E1,9.162798E-2,6.474455E-2,9.755999E-2,9.624508E-2,1.263535E-1,9.283771E-2,1.272893E-1,7.140908E-2
1.548172E1,9.190315E-2,6.477512E-2,9.745984E-2,9.626819E-2,1.265136E-1,9.382146E-2,1.286958E-1,7.302966E-2
1.549838E1,9.201016E-2,6.471397E-2,9.647377E-2,9.606789E-2,1.266737E-1,9.567457E-2,1.309279E-1,7.584275E-2
1.551504E1,9.197959E-2,6.443881E-2,9.600384E-2,9.575204E-2,1.265479E-1,9.728746E-2,1.323956E-1,7.752449E-2
1.553171E1,9.173499E-2,6.427065E-2,9.571110E-2,9.553634E-2,1.265365E-1,9.870589E-2,1.340774E-1,8.018469E-2
1.554837E1,9.167384E-2,6.425536E-2,9.561865E-2,9.566730E-2,1.266623E-1,1.002959E-1,1.358202E-1,8.333412E-2
1.556503E1,9.153626E-2,6.422479E-2,9.552236E-2,9.573687E-2,1.263992E-1,1.026294E-1,1.379606E-1,8.990818E-2
1.558169E1,9.150568E-2,6.404134E-2,9.537103E-2,9.575849E-2,1.258959E-1,1.061298E-1,1.407737E-1,9.428070E-2
1.559836E1,9.133753E-2,6.399548E-2,9.515484E-2,9.549906E-2,1.251295E-1,1.073309E-1,1.413853E-1,9.645167E-2
1.561502E1,9.130695E-2,6.396491E-2,9.485218E-2,9.517478E-2,1.245690E-1,1.088522E-1,1.418439E-1,9.917302E-2
1.563168E1,9.110822E-2,6.384261E-2,9.457113E-2,9.517478E-2,1.240314E-1,1.104651E-1,1.423637E-1,1.030257E-1
1.564834E1,9.113879E-2,6.376617E-2,9.416037E-2,9.502345E-2,1.226472E-1,1.124555E-1,1.424860E-1,1.070619E-1
1.566501E1,9.129167E-2,6.368974E-2,9.374962E-2,9.491535E-2,1.215148E-1,1.148005E-1,1.412935E-1,1.129327E-1
1.568167E1,9.147511E-2,6.362859E-2,9.387933E-2,9.478564E-2,1.203595E-1,1.167108E-1,1.412018E-1,1.180085E-1
1.569833E1,9.175028E-2,6.367445E-2,9.387933E-2,9.478564E-2,1.198905E-1,1.176373E-1,1.407737E-1,1.195373E-1
1.571500E1,9.178085E-2,6.368974E-2,9.387933E-2,9.478564E-2,1.197532E-1,1.181178E-1,1.408043E-1,1.207604E-1
1.573166E1,9.185729E-2,6.373560E-2,9.377124E-2,9.474240E-2,1.191584E-1,1.186554E-1,1.399481E-1,1.220752E-1
1.574832E1,9.185729E-2,6.373560E-2,9.366314E-2,9.469916E-2,1.180945E-1,1.193646E-1,1.390920E-1,1.235429E-1
1.576498E1,9.173499E-2,6.370503E-2,9.331724E-2,9.459107E-2,1.168019E-1,1.202569E-1,1.376243E-1,1.261420E-1
1.578165E1,9.150568E-2,6.376617E-2,9.299296E-2,9.456945E-2,1.148116E-1,1.213092E-1,1.354533E-1,1.295054E-1
1.579831E1,9.145982E-2,6.379675E-2,9.256058E-2,9.456945E-2,1.128212E-1,1.225332E-1,1.319370E-1,1.332970E-1
1.581497E1,9.170442E-2,6.385790E-2,9.212820E-2,9.446136E-2,1.098242E-1,1.233339E-1,1.287569E-1,1.369968E-1
1.583163E1,9.181143E-2,6.385790E-2,9.147964E-2,9.426679E-2,1.074220E-1,1.241575E-1,1.247514E-1,1.400239E-1
1.584830E1,9.173499E-2,6.372031E-2,9.050679E-2,9.389927E-2,1.052143E-1,1.248096E-1,1.219994E-1,1.413999E-1
1.586496E1,9.149040E-2,6.361330E-2,8.927452E-2,9.394250E-2,1.028807E-1,1.251756E-1,1.185748E-1,1.425312E-1
1.588162E1,9.115408E-2,6.349101E-2,8.773958E-2,9.400736E-2,1.001011E-1,1.257361E-1,1.155782E-1,1.433568E-1
1.589829E1,9.084834E-2,6.336871E-2,8.680997E-2,9.383441E-2,9.781329E-2,1.261022E-1,1.125817E-1,1.445799E-1
1.591495E1,9.020628E-2,6.323112E-2,8.585874E-2,9.405060E-2,9.613177E-2,1.263309E-1,1.104719E-1,1.448245E-1
1.593161E1,9.017571E-2,6.324641E-2,8.501561E-2,9.387765E-2,9.410707E-2,1.265254E-1,1.081480E-1,1.459865E-1
1.594827E1,8.976295E-2,6.332285E-2,8.449675E-2,9.396412E-2,9.231116E-2,1.269143E-1,1.058242E-1,1.467815E-1
1.596494E1,8.973238E-2,6.333813E-2,8.350229E-2,9.409384E-2,9.088129E-2,1.273948E-1,1.038367E-1,1.471178E-1
1.598160E1,8.959480E-2,6.333813E-2,8.278887E-2,9.387765E-2,8.941711E-2,1.278409E-1,1.020020E-1,1.476682E-1
1.599826E1,8.948779E-2,6.333813E-2,8.216192E-2,9.402898E-2,8.843336E-2,1.279210E-1,1.006261E-1,1.480963E-1
1.601492E1,8.947250E-2,6.342986E-2,8.190249E-2,9.392089E-2,8.736953E-2,1.281497E-1,9.925012E-2,1.480963E-1
1.603159E1,8.947250E-2,6.349101E-2,8.172954E-2,9.402898E-2,8.691198E-2,1.280239E-1,9.796588E-2,1.484938E-1
1.604825E1,8.935020E-2,6.355215E-2,8.142688E-2,9.411545E-2,8.660313E-2,1.281383E-1,9.744607E-2,1.486467E-1
1.606491E1,8.931963E-2,6.355215E-2,8.129717E-2,9.418031E-2,8.644298E-2,1.282756E-1,9.701799E-2,1.487384E-1
1.608158E1,8.933492E-2,6.355215E-2,8.134040E-2,9.431002E-2,8.642010E-2,1.283900E-1,9.692626E-2,1.490442E-1
1.609824E1,8.936549E-2,6.356744E-2,8.127555E-2,9.431002E-2,8.593967E-2,1.286187E-1,9.689569E-2,1.490442E-1
1.611490E1,8.927377E-2,6.362859E-2,8.103774E-2,9.426679E-2,8.560794E-2,1.286988E-1,9.613126E-2,1.491970E-1
1.613156E1,8.916676E-2,6.379675E-2,8.088641E-2,9.428841E-2,8.503599E-2,1.287331E-1,9.539741E-2,1.495945E-1
1.614823E1,8.915147E-2,6.387318E-2,8.062698E-2,9.433164E-2,8.447548E-2,1.290648E-1,9.499991E-2,1.497780E-1
1.616489E1,8.910561E-2,6.394962E-2,8.062698E-2,9.450459E-2,8.423526E-2,1.293394E-1,9.475529E-2,1.498697E-1
1.618155E1,8.907503E-2,6.401077E-2,8.038918E-2,9.476402E-2,8.404080E-2,1.293508E-1,9.429664E-2,1.501144E-1
1.619821E1,8.907503E-2,6.407192E-2,8.034594E-2,9.478564E-2,8.376627E-2,1.294995E-1,9.374625E-2,1.502367E-1
1.621488E1,8.904446E-2,6.414835E-2,8.028108E-2,9.482888E-2,8.343454E-2,1.297855E-1,9.344048E-2,1.505119E-1
1.623154E1,8.901389E-2,6.424007E-2,8.010813E-2,9.502345E-2,8.329727E-2,1.299571E-1,9.334875E-2,1.505119E-1
1.624820E1,8.896802E-2,6.434708E-2,8.004327E-2,9.508830E-2,8.338878E-2,1.299914E-1,9.334875E-2,1.505119E-1
1.626487E1,8.892216E-2,6.445409E-2,8.006489E-2,9.519640E-2,8.351461E-2,1.300028E-1,9.359337E-2,1.506342E-1
1.628153E1,8.893745E-2,6.456110E-2,8.012975E-2,9.526125E-2,8.357180E-2,1.300028E-1,9.371567E-2,1.507259E-1
1.629819E1,8.901389E-2,6.462225E-2,8.021623E-2,9.539097E-2,8.376627E-2,1.300829E-1,9.371567E-2,1.508788E-1
1.631485E1,8.910561E-2,6.466811E-2,8.023784E-2,9.549906E-2,8.376627E-2,1.300944E-1,9.371567E-2,1.509094E-1
1.633152E1,8.918204E-2,6.475984E-2,8.032432E-2,9.567201E-2,8.382346E-2,1.301859E-1,9.386856E-2,1.509705E-1
1.634818E1,8.921262E-2,6.483627E-2,8.051889E-2,9.580172E-2,8.391497E-2,1.302659E-1,9.411318E-2,1.509705E-1
1.636484E1,8.931963E-2,6.492799E-2,8.088641E-2,9.621248E-2,8.420095E-2,1.303918E-1,9.423548E-2,1.511234E-1
1.638150E1,8.941135E-2,6.498914E-2,8.079993E-2,9.623410E-2,8.420095E-2,1.305977E-1,9.420491E-2,1.512763E-1
1.639817E1,8.956422E-2,6.515730E-2,8.088641E-2,9.632058E-2,8.446404E-2,1.308722E-1,9.438837E-2,1.513680E-1
1.641483E1,8.971709E-2,6.543247E-2,8.099450E-2,9.662324E-2,8.456699E-2,1.310438E-1,9.444952E-2,1.513986E-1
1.643149E1,8.974767E-2,6.549362E-2,8.101612E-2,9.666648E-2,8.460131E-2,1.312840E-1,9.444952E-2,1.515209E-1
1.644816E1,8.957951E-2,6.584522E-2,8.088641E-2,9.690428E-2,8.432678E-2,1.313641E-1,9.444952E-2,1.516432E-1
